{"risks": [0.019237706737429427, 0.01923894069029568, 0.0192418095079858, 0.01924784548078435, 0.019255330503469895, 0.01926459644430788, 0.019275695138459246, 0.019288537136902754, 0.01930311737498536, 0.019319431852282232, 0.019337476408164637, 0.01935776180629294, 0.019379208661656856, 0.01940242577148355, 0.01942733065026202, 0.019453975875011638, 0.019482298580635073, 0.01951256946585435, 0.019544338443526463, 0.019577597400144198, 0.0196125313964686, 0.019648519575940868, 0.019686834431438517, 0.01972697945234615, 0.01977472087792968, 0.019836624556758067, 0.019912696764175623, 0.020002703134213436, 0.02010645463725782, 0.020223865437244352, 0.020366514059535806, 0.020582687638151232, 0.020905677730847155, 0.02132785168489332, 0.021845322335762647, 0.022451287713336758, 0.023138734646537238, 0.02390064924953456, 0.024729918737465155, 0.025620740904681343, 0.02656938097661544, 0.027571400830896306, 0.028621130321165204, 0.029714196559729643, 0.03085150921342623, 0.032031528518886646, 0.033249538366326985, 0.03450210691606671, 0.03578419543103172, 0.03709330402416316, 0.03843725864960849, 0.03984249166943066, 0.04130579427261436, 0.042818730134191144, 0.04438973878079236, 0.04604252225703202, 0.04777046226703033, 0.04956832153796497, 0.05144359100949253, 0.05339221885438225, 0.05540461060043449, 0.05747553122636579, 0.05959815862167517, 0.0617674613907868, 0.06397850493358856, 0.06624911664423802, 0.06860099102889756, 0.07102528361222202, 0.07351538961683109, 0.07606478108608308, 0.07866768390305809, 0.08131895533400665, 0.0840140120304224, 0.08674877206379983, 0.0895195921600411, 0.09232324800059212, 0.09515684837872583, 0.09801775908041625, 0.1009036574242575, 0.10381246060772312, 0.10674229492393364, 0.10969147863555544, 0.11265849543583618, 0.11564197186901856, 0.11864066377327853, 0.12165344542811664, 0.12467929579181125, 0.1277172931590169, 0.13076658687967843, 0.1338264048878408, 0.13689604159951932, 0.13997485103005083, 0.14306224090717798, 0.14615766742035396, 0.14926063047996255, 0.15237066954093326, 0.15548735988797402, 0.15861030045872665, 0.16173914280470833, 0.16487349633846546, 0.16801315999115965, 0.17115778490894817, 0.17430710866337149, 0.17746089593160916, 0.1806207677485125, 0.1837876204891819, 0.18696139014737895, 0.1901416601778139, 0.1933283169863811, 0.19652056069968105, 0.19971830000116428, 0.2029231385490102, 0.20615164797782753, 0.2094078952797771, 0.21269016052625953, 0.21599751591769326, 0.21932881104425356, 0.22268293722414623, 0.22605888185931525, 0.22945569309401298, 0.2328724619623244, 0.23630831140731173, 0.23976241480186222, 0.24323400063344275, 0.24672233921789385, 0.2502267266151421, 0.2537464956361762, 0.2572809221496526, 0.26082958169957327, 0.2643918212162117, 0.26796723185336163, 0.27155846395360256, 0.2751677346135263, 0.27879383952692655, 0.28243650710476664, 0.28609485329355094, 0.2897686044911303, 0.293456894407477, 0.29715916490455896, 0.30087512768106317, 0.3046144032507966, 0.30839441796745415, 0.3122141949068314, 0.3160866291768825, 0.32002021360432187, 0.3240127287287839, 0.3280621515692465, 0.33216607830509526, 0.33632273954040076, 0.3405301511794367, 0.344786483865259, 0.3490899362068433, 0.3534387009821513, 0.35783128513350687, 0.36226844446369544, 0.3667560376974813, 0.3712929864675199, 0.37587716455895476, 0.38050707657711225, 0.3851810526271118, 0.3898975044814927, 0.3946549070304851, 0.3994518027641205, 0.40428677757908105, 0.4091584805280526, 0.4140656151344229, 0.41900693652514026, 0.4239812494379158, 0.4289874062949147, 0.43402430532533487, 0.43909088870374957, 0.4441861407485328, 0.44930908617267723, 0.45445878462760275, 0.45963433650339613, 0.46483491328955934, 0.47005965977852254, 0.47530774312560076, 0.48057841102729526, 0.4859426174254099, 0.49188498197779706, 0.4984771929635931, 0.5056937149768227, 0.5135084469291324, 0.5218939742499022, 0.530823506268936, 0.5402702489490658, 0.5502074322137385, 0.5606089766031551, 0.5714495255743514, 0.5827045780917647, 0.5943505866720341, 0.6063650253486464, 0.6187264318959353, 0.6314144286031821, 0.6444097247329362, 0.6576941049269083, 0.6712504061410913, 0.685062485916327, 0.6991151789128004], "returns": [7.694626800162839, 7.986218881315717, 8.268123501453928, 8.673024718424259, 9.0766713027211, 9.480087159399863, 9.884084364276994, 10.288070818381055, 10.69205871499711, 11.096048457388674, 11.500039719672682, 11.904147414348467, 12.30811705708043, 12.71208694012286, 13.116079260214246, 13.520163835975197, 13.924328427579146, 14.328630664423006, 14.732762972879836, 15.136749540849287, 15.540663552474477, 15.94398809893235, 16.34799407189332, 16.75203598542395, 17.15599164437155, 17.559958004114527, 17.963941109745996, 18.367928299704964, 18.77192165012519, 19.175952949001815, 19.579903806038182, 19.983880937996958, 20.387959664111833, 20.79190194771874, 21.19587583496409, 21.599860402403447, 22.003848921074873, 22.407839842212518, 22.81182410647463, 23.215816684046498, 23.619808684274027, 24.02380100477317, 24.42779347174271, 24.831786141373836, 25.235778100005945, 25.639770431070264, 26.043762823137588, 26.447763141873892, 26.851753497400285, 27.25573987925538, 27.659732211269976, 28.06372460077236, 28.467727009055963, 28.871709286203533, 29.275701608352396, 29.679693955850738, 30.083686386960096, 30.487678790098737, 30.891671010475612, 31.29566668892984, 31.699657752886118, 32.10365198716693, 32.50764294932531, 32.91163440369296, 33.315625301545026, 33.71961743400805, 34.12361110817637, 34.52760311505025, 34.93159524008523, 35.33558743961734, 35.73957968706816, 36.14357197132518, 36.54756426809074, 36.95155654717081, 37.35554881787849, 37.75954128318492, 38.163534031760875, 38.56752671120249, 38.97151930739915, 39.37551183230527, 39.779504275901445, 40.183496676001326, 40.587489070441904, 40.991481450301016, 41.39547378890822, 41.799466082054956, 42.20345833653283, 42.60745063765418, 43.011442936113966, 43.4154352335777, 43.819427531599686, 44.223419830176546, 44.62741212872608, 45.03140442665775, 45.43539672300801, 45.83938901656023, 46.24338130601348, 46.64737353880892, 47.05136579383261, 47.45535741049874, 47.859349762339704, 48.263342116302574, 48.667334513555204, 49.071326840396196, 49.47531921889669, 49.879311534771965, 50.28330388119275, 50.68729622855105, 51.091288975350665, 51.495281241608616, 51.89927328742511, 52.30326566437199, 52.707257991482486, 53.11125063052755, 53.51524292071416, 53.919235259877894, 54.32322767528166, 54.7272200421769, 55.131212371144414, 55.53520473107731, 55.939197154709525, 56.3431895747001, 56.74718193904005, 57.15117428794194, 57.555166684485926, 57.95915910515277, 58.36315153218262, 58.767143283569496, 59.171135636982065, 59.57512799081487, 59.97912039988725, 60.38311269202797, 60.787105306449355, 61.19109755382696, 61.59509006855363, 61.999082104401545, 62.403074808916706, 62.807067109145976, 63.211059160988846, 63.61505155876316, 64.01904386926478, 64.42303622044064, 64.82702858222183, 65.23102092654179, 65.63501327675355, 66.03900562772695, 66.44299825673721, 66.84699051323784, 67.25098288844075, 67.65497521186899, 68.05896758563117, 68.46295997391118, 68.8669520946304, 69.270944479985, 69.67493680385577, 70.07892915218537, 70.4829217191522, 70.88691403240604, 71.29090635379247, 71.69489868167362, 72.0988910149477, 72.50288335204932, 72.90687572098312, 73.31086809077935, 73.71486045705144, 74.1188528192224, 74.5228451771874, 74.926837531174, 75.33082988170119, 75.7348222295391, 76.13881457547579, 76.5428069200669, 76.94679926330845, 77.35079158655937, 77.75478386189228, 78.15877631463286, 78.56276880804694, 78.96676114831405, 79.37075335282485, 79.77474577009995, 80.17873806612025, 80.5827303680176, 80.98672269485948, 81.3907163314445, 81.79470840179367, 82.19869973770592, 82.6026920889578, 83.00668443886605, 83.41067678793512, 83.81466913970777, 84.21866149229632, 84.62265384489463, 85.026646197511, 85.43063855017441, 85.8346309028865, 86.23862325572492, 86.64261560879176, 87.04660796243911, 87.45060031834602, 87.85459266698359], "weights": [[0.027847018635676374, 0.02008071136997349, 0.019557643806881683, 0.09633627112112227, 0.07999272585089724, 0.0021803553521233593, 0.02267241665677614, 0.14230264078723298, 0.01438715221196896, 0.016005746453567764, 0.09710497493202191, 3.3027858862309264e-06, 0.14191455765292935, 0.12716494901387926, 0.057490200226758784, 0.022284368710607107, 0.06559093194998737, 3.336157289366505e-06, 0.0005824678495291451, 0.046498228474891344], [0.02892496967342452, 0.020465705695409335, 0.020376861925184116, 0.09705354374800479, 0.07990900506826197, 0.0022727906935312123, 0.02240430292395727, 0.14172569170596785, 0.01442482972859406, 0.016149659279321868, 0.09729484214358539, 3.3472287374308783e-06, 0.14365496148982346, 0.12563801265020252, 0.05595238244135286, 0.02342504421238534, 0.06535134165413925, 3.041517681534186e-06, 2.9401835469519376e-06, 0.04496672603688812], [0.029030442031434872, 0.020799188938821652, 0.020638742496196894, 0.0975025078885571, 0.0796730592985939, 0.0024346826031685282, 0.022212284937965662, 0.14149812264057074, 0.014443065756332705, 0.016239091958871153, 0.09778626130114113, 1.1064096075434546e-07, 0.14504372161242216, 0.12452146246252353, 0.0542006890147426, 0.0243348800012833, 0.06500560005764648, 9.765029735564494e-08, 0.0005457682643364471, 0.04409022044413298], [0.028770227022270698, 0.02125912019070935, 0.020769241196140698, 0.09805488185356011, 0.0792775717575326, 0.0027253850081864497, 0.02196325041030929, 0.14130906935330345, 0.014468516871683925, 0.016349270680837972, 0.09860878790320027, 3.043367181646068e-06, 0.14690484353462005, 0.12306323512374123, 0.05157000740526514, 0.025552142573966274, 0.06445573527526753, 3.031595483695115e-06, 0.0018050792861563328, 0.0430875595905835], [0.028889228249102887, 0.02173434268701462, 0.021121922847297706, 0.0986951948741211, 0.07893846894047699, 0.0029695117060619543, 0.021689498224157593, 0.1409918527628514, 0.014496685449687715, 0.016477089730205976, 0.099315554070779, 1.5545253063910116e-06, 0.14888183659216336, 0.12147218311852231, 0.04905367057434081, 0.026846238812065833, 0.06395576065630951, 1.6620657982911307e-06, 0.0026179571352811437, 0.041849786978455525], [0.028957562473591936, 0.022207613183237673, 0.021446155014153104, 0.09932108173521415, 0.0785913114025603, 0.0032161782844806423, 0.021420147517929936, 0.14069252864795304, 0.0145238899448286, 0.01660255081230786, 0.10003916248588483, 1.0899648924543868e-07, 0.15084206147308774, 0.11990104973814449, 0.046523543582684526, 0.02812956340056286, 0.06344972784921821, 1.8745376015480658e-07, 0.0034898825017592077, 0.040645693502151505], [0.028866545344068822, 0.022674963702908783, 0.021679264211453175, 0.09990822916392154, 0.0782200016582147, 0.0034791989997124727, 0.02116187870892588, 0.14044712816721477, 0.014549660398683729, 0.016720825294046556, 0.10081311709857646, 1.0340164791724539e-07, 0.15275503251580408, 0.11838568525304037, 0.0439438434763077, 0.029381461831040658, 0.06292284814646945, 1.9140197358197245e-07, 0.004548969156919477, 0.03954105206906988], [0.02876589572374751, 0.02314195524760326, 0.021907051495259306, 0.10049274963721912, 0.07784719808070954, 0.0037428062495869774, 0.02090438704522746, 0.14020505635595923, 0.014575282406602018, 0.01683866108466246, 0.1015902396767447, 1.2208602032544847e-07, 0.15466503157953485, 0.11687392549693654, 0.04136132505143742, 0.03063139389146915, 0.06239478957737562, 2.254233291044186e-07, 0.005619244238282928, 0.03844265965229235], [0.028663152689173767, 0.023608880641268443, 0.022133706738851917, 0.10107665783048102, 0.07747402829740635, 0.004006468113946735, 0.02064707945494998, 0.13996372874281915, 0.01460085887570997, 0.016956402067241926, 0.10236810863412453, 1.2863681877915495e-07, 0.1565744064865881, 0.11536296397007957, 0.03877815881165533, 0.03188092368633757, 0.06186647271925739, 2.3835022866021096e-07, 0.006691988260103728, 0.03734564699295717], [0.028559595496959685, 0.024075776656703674, 0.022359908389468334, 0.10166033393849219, 0.07710069368654504, 0.004270156417111082, 0.02038983686541248, 0.13972270536211995, 0.014626408904226208, 0.017074097091115212, 0.10314627678987161, 1.2044280303747032e-07, 0.15848353108572136, 0.11385233133162297, 0.03619475178445043, 0.03313029668012804, 0.06133805701865038, 2.2816004872241885e-07, 0.007765720173828864, 0.03624917372472069], [0.02845568745889358, 0.024542655481848922, 0.022585898201831222, 0.10224392342502793, 0.07672727791140829, 0.004533875148770843, 0.020132614119770367, 0.13948182054174643, 0.014651943499181471, 0.017191765385833772, 0.10392457063258735, 1.0163255771244712e-07, 0.1603925389631953, 0.11234185033617428, 0.03361125371634543, 0.034379598344187544, 0.06080959942898499, 2.0155009244967673e-07, 0.008839894410583585, 0.03515292981097833], [0.028305227871638635, 0.025003715245137538, 0.02277378988343942, 0.10284176353213129, 0.07636791760660891, 0.004842982153931573, 0.019868787258723868, 0.13924330877722396, 0.014684758734656519, 0.01730839553431443, 0.10468908151435269, 8.153290197174193e-06, 0.1622854385755431, 0.11083225715244505, 0.03101979519533309, 0.035612595918017756, 0.06027355943549303, 1.709290043366309e-05, 0.00995297565654835, 0.03406840376382988], [0.028215797293270332, 0.025472396511127177, 0.023011838518459376, 0.10342421068090057, 0.07599533832043125, 0.0050976501269629085, 0.019612607322749824, 0.13899810686174413, 0.014709821237897953, 0.01742747316736147, 0.10546698111439089, 7.271348279851753e-06, 0.1642007333179645, 0.10931704785925832, 0.028437708486698136, 0.036866613623075015, 0.059747037867448116, 1.589694967258032e-05, 0.011010166773075813, 0.03296530261923183], [0.028117363823266284, 0.02594048959668947, 0.023243735013944774, 0.10400656983586458, 0.07562366518075468, 0.00535676353663827, 0.01935627199618918, 0.13875457057237567, 0.014735567418974513, 0.017546360837976557, 0.10624516920394858, 7.321002884655687e-06, 0.16611311390913294, 0.10780339857018191, 0.025853256743758518, 0.03811825738576159, 0.0592191507969011, 1.6492607457889007e-05, 0.012076207205202659, 0.031866274762096254], [0.028017313559972574, 0.026408498881508157, 0.023474889544040867, 0.10458811332460324, 0.07525074848840636, 0.005615162345970918, 0.019100212630777335, 0.13851218943673127, 0.014760908486330026, 0.017664900873064257, 0.1070246830171861, 7.048669138024889e-06, 0.16802501703942602, 0.10629107446314635, 0.023268444310228998, 0.03936965332721353, 0.05869118428571162, 1.6319412628417428e-05, 0.013144915272277359, 0.030768722631638608], [0.027913982436034563, 0.02687650834906681, 0.02370430628337249, 0.10516962487784325, 0.07487848673476635, 0.0058750791178388126, 0.018844332970833155, 0.13827001481313744, 0.0147867603773553, 0.017783593219679372, 0.10780437165121787, 7.594520159049539e-06, 0.1699367529568754, 0.10477830841172169, 0.020681630527883937, 0.04062049209914596, 0.05816251433531799, 1.69399705370716e-05, 0.014216434432672117, 0.029672271914541137], [0.027811179648625, 0.02734467157526427, 0.023933612032855607, 0.10575125893178879, 0.07450526460329968, 0.006134679413300437, 0.01858849784994021, 0.1380281604758678, 0.014812121791437902, 0.017901858972420002, 0.1085848868244933, 7.651505192042052e-06, 0.17184855129508125, 0.10326609308601345, 0.01809487460719193, 0.04187153774664594, 0.0576338274137013, 1.684422604228571e-05, 0.015288654401541358, 0.028575773599297603], [0.02770100659940218, 0.027813427140926623, 0.02415929878144799, 0.10633575515925185, 0.0741418588300943, 0.006403128757078785, 0.018331723551098272, 0.1377815930378479, 0.014841180824875101, 0.01802269199781594, 0.10935994303056487, 1.1716956875126926e-05, 0.17376116388358942, 0.10174652328110018, 0.015501567920670357, 0.0431215519080483, 0.057102781552762785, 2.5179366200550092e-05, 0.016360097297694096, 0.027477810122655454], [0.027596647255780336, 0.02828141468158278, 0.024387392215953378, 0.10691916860119262, 0.07377207233671172, 0.0066663752171892575, 0.01807474621573616, 0.1375383088484217, 0.01486744479123152, 0.018141744043679697, 0.11013744649388478, 1.286094854283282e-05, 0.17567260450485767, 0.10023220104509332, 0.012914413921760052, 0.04437216336616238, 0.056573826276620866, 2.7931646831260893e-05, 0.017431115676258893, 0.026380121912508818], [0.027497449045492003, 0.028748329374200264, 0.02461577293300161, 0.1075019173640108, 0.0733954093628251, 0.006926097943248737, 0.017817249827459095, 0.1372989955043002, 0.014891086560791675, 0.018258715347809547, 0.11091737779361294, 1.147423721593952e-05, 0.17758178899510388, 0.09872364225639949, 0.010333857424519198, 0.04562287262231542, 0.056046647598392875, 2.4668740252408784e-05, 0.0185036652326548, 0.025282981836394085], [0.027399437643448668, 0.029214670592598465, 0.02484365815402002, 0.10808626105540213, 0.07301977019695186, 0.007187995275427541, 0.017558325763698077, 0.137059621344201, 0.014914584100271955, 0.01837542861237573, 0.11169536236997621, 1.0791990921948812e-05, 0.1794904321753024, 0.0972146111787747, 0.007755411666359054, 0.046873511357859034, 0.05552006021656066, 2.162286765177964e-05, 0.019574324186115936, 0.024184119252083025], [0.027307446023172827, 0.029678042510919628, 0.02506832521560092, 0.10866307775589801, 0.07261975909352299, 0.007436833773596622, 0.017303118061028838, 0.13683339163179176, 0.014933014587817012, 0.01848593082292303, 0.11248649177484756, 3.8448154371961055e-07, 0.18139009499519118, 0.095727633780692, 0.005191174768954522, 0.0481207544364015, 0.05499579248350048, 5.414494058478629e-07, 0.02066143612987856, 0.023096756223312764], [0.027205812592218527, 0.030144439685843752, 0.025293590895196248, 0.1092482581092189, 0.07224677757640478, 0.007702407198707074, 0.017043937415921438, 0.13659270266042697, 0.014958240098531318, 0.01860355087009242, 0.11326294353638496, 3.110776795436214e-07, 0.18329830477106787, 0.0942169207841354, 0.0026101823851008782, 0.049370655195103315, 0.0544679170873963, 5.807105097504518e-07, 0.021734112832345474, 0.02199835451771514], [0.02756686110803275, 0.03053396980387607, 0.025460607234544314, 0.11008717231975051, 0.07195166073435995, 0.008233635803654863, 0.016472213875816804, 0.13635963423153694, 0.014944942347337302, 0.018725103072607104, 0.11371850081850707, 3.485646540169128e-07, 0.18510079566932292, 0.09263809155543767, 0.00046424648391684065, 0.05073401250633743, 0.05404603945431816, 8.12596629246806e-07, 0.022453386996431953, 0.020507964822928167], [0.029743768165742344, 0.030621517354176394, 0.025399006776050444, 0.11192095812315474, 0.07196103096754165, 0.009806232052288307, 0.014674383058915497, 0.13615738523043863, 0.01478001473508809, 0.018861640974820747, 0.1129153302311816, 4.992476233615154e-07, 0.18648722020540515, 0.09079380687319576, 2.7395899784494333e-05, 0.05254188633699043, 0.05404058151735511, 7.211780971973718e-07, 0.021786105454222153, 0.01748051561792795], [0.03235995390645883, 0.030636018983378886, 0.025282056992641234, 0.1139954470267627, 0.07204379029797836, 0.011630713133862698, 0.012579946163108152, 0.13596264051971557, 0.014578390788535962, 0.01900175983304563, 0.11180781630761966, 4.3620808686263233e-07, 0.18777304725033092, 0.08888544577039328, 3.90395003265557e-06, 0.05445734125232969, 0.0541358127223331, 4.789459294700794e-07, 0.020783718384200796, 0.014081281563255537], [0.03499869776428567, 0.030646795665257073, 0.02516226592965719, 0.11608242597815487, 0.07213047120139263, 0.01346828015707718, 0.010470190236541383, 0.13576819085714165, 0.014374884040905086, 0.019142087155922048, 0.11068457022864148, 3.8446062783643544e-07, 0.18905378691745836, 0.08697363463219036, 1.5483351758252986e-06, 0.05637838469363862, 0.05423620101780611, 3.594301978886523e-07, 0.019764037289826245, 0.010662804008102367], [0.037639296591510836, 0.030657294932364115, 0.02504225753680234, 0.11817046729334708, 0.07221750034817224, 0.015306920187819272, 0.008359223500622747, 0.13557371410073485, 0.014171214019709855, 0.019282433678679, 0.10956003265628318, 3.3425207340313603e-07, 0.19033414064503798, 0.08506149126129262, 8.722524334792926e-07, 0.058299900528986676, 0.05433700047429947, 2.7758156544789285e-07, 0.018742905788868496, 0.007242722369396976], [0.0402803005785988, 0.03066770829541906, 0.024922047626859036, 0.12025887337858275, 0.07230466890121301, 0.017145983026847427, 0.006247907027298061, 0.13537924822469857, 0.013967512498654458, 0.019422791028924045, 0.10843507863811526, 3.520487626847667e-07, 0.1916143412196642, 0.0831491944529029, 6.276155457251196e-07, 0.06022156094267502, 0.05443789772874962, 2.4263662820819424e-07, 0.017721487911301327, 0.0038221762185598686], [0.042610427181632514, 0.030613083094649433, 0.024767298532562987, 0.12225074337464656, 0.07237761689383862, 0.019060130989694855, 0.003997533950685993, 0.13533109101506557, 0.013796319403273685, 0.019545614581042835, 0.10729448455848817, 8.213384233273887e-07, 0.19281984865042368, 0.08138401251530428, 1.5827018255411597e-06, 0.061986157096029476, 0.05453055634327568, 4.803106916249767e-07, 0.017013474778100324, 0.0006187226903448674], [0.04118226074087569, 0.029789272866118145, 0.024086071622911653, 0.12335595398731439, 0.07216538125282586, 0.021961072537354742, 0.000365495905776809, 0.1369375346410544, 0.014043987328149432, 0.019482769473709513, 0.10577981733780717, 2.0838308702345846e-07, 0.1930731832271951, 0.08128035453871349, 5.35414325237792e-07, 0.06182399698995024, 0.05448827798395223, 1.3181739305082202e-07, 0.02017115173551837, 1.2542215967457774e-05], [0.03810738633462844, 0.028764003543024597, 0.021487617993271056, 0.12819440426106188, 0.07035782002183692, 0.026771116208434184, 1.0826108559666364e-06, 0.13776738359266932, 0.014863462926244617, 0.019729134211994865, 0.10117677232533, 6.958129323141207e-08, 0.19208901354329877, 0.0802029809931608, 7.717026638343362e-08, 0.060406391702990746, 0.05393854188536918, 4.12850003484335e-08, 0.026142371634241383, 3.281750274359253e-07], [0.034920444583303074, 0.02772830388256517, 0.018689094401436703, 0.13345401665131015, 0.06838411749433948, 0.03177561241838841, 1.1065631044265277e-05, 0.13848469024707782, 0.015741164683216697, 0.020013874358918195, 0.09624011829097116, 2.104333057523363e-06, 0.19098658248767916, 0.07898848771320717, 1.7337045942019938e-06, 0.05888609169340737, 0.05333610445400316, 1.206292595183869e-06, 0.032350141231460634, 5.045447424506316e-06], [0.031755327026796634, 0.026698603589182333, 0.01591122179204733, 0.13868333576680572, 0.06642145295200076, 0.036754953285209134, 2.869144583155179e-06, 0.1392035033373873, 0.016608768447566067, 0.02029462310183135, 0.0913366152972518, 9.906837413973676e-07, 0.18989841163733376, 0.07778151890627279, 6.913256887717757e-07, 0.05738057627107526, 0.05273833505085619, 5.530637835803321e-07, 0.038525924941392564, 1.7243791939197386e-06], [0.028583233298768003, 0.025667388504510263, 0.01312934518875986, 0.14392315398404953, 0.06445540080007636, 0.04174126142532512, 1.2060177028798278e-06, 0.1399211828886421, 0.01747828056317431, 0.020576203473030786, 0.08642243937607334, 5.299022564495325e-07, 0.18880692387752523, 0.0765721506942858, 3.38171102782182e-07, 0.05586978356684593, 0.05213958687941282, 2.905073627976817e-07, 0.044710473437036664, 8.274440591398797e-07], [0.02540891864535869, 0.02463488465456832, 0.010355730615756892, 0.1491665550646047, 0.06248949984902381, 0.04672792886247258, 6.525728886742313e-07, 0.14063718948707893, 0.018348511436837, 0.020858343353994103, 0.08150180195920818, 3.291008425119615e-07, 0.18771911635408012, 0.07536098371084389, 1.9676271279791672e-07, 0.054354562112090145, 0.051541924001800125, 1.7759199157421895e-07, 0.05089219800221932, 4.958616276198193e-07], [0.022230639391616614, 0.02359797930037894, 0.00762939077546815, 0.1544182391866839, 0.060527496170336814, 0.05170807834675402, 4.0354666687149543e-07, 0.1413452856309306, 0.019218921262284357, 0.021141973920108418, 0.07655998587224719, 2.284135624526712e-07, 0.18665412494948663, 0.07414333033760219, 1.29109331149785e-07, 0.05282241500287156, 0.05095113572197417, 1.2201163733634111e-07, 0.05704978298595516, 3.3806410346587157e-07], [0.019039145541110903, 0.02254556437474733, 0.005073564731876701, 0.15969779422024663, 0.058579911361309724, 0.05666315553045346, 2.9565452090753753e-07, 0.1420252814301509, 0.020089115816601975, 0.02143059628961176, 0.07154462964722257, 1.8572149034032982e-07, 0.18567193487703187, 0.07290307132141528, 1.0039550507896617e-07, 0.051230846914454516, 0.05038543562520212, 9.96163952681945e-08, 0.06311900223693855, 2.6869371414566884e-07], [0.015879300737290408, 0.02153270483096624, 0.0020796668340785575, 0.16490713728607012, 0.05659522040960409, 0.06168308278993262, 4.802297251181164e-09, 0.14277792003184167, 0.02095854803362432, 0.02170552398666005, 0.06671812181374215, 3.130103864563827e-09, 0.1844774084265195, 0.0717213172620138, 1.8978146911530754e-09, 0.049791966499348306, 0.049756010241418264, 2.1467305949305573e-09, 0.06941605491552663, 3.924416939192227e-09], [0.01262068492523157, 0.020403625768488396, 0.00035897538209275125, 0.1703230008556799, 0.054717994211640406, 0.06651460889895243, 9.066568638124084e-09, 0.14332152598253228, 0.02182596787150278, 0.02201775440850377, 0.06134439601472175, 6.03317076018095e-09, 0.18390206874978476, 0.07037147490037289, 3.745488614439403e-09, 0.04791097006374623, 0.04931446624659655, 4.366427045729736e-09, 0.0750524553864119, 7.1220866125833315e-09], [0.009252396149617204, 0.019147623040627833, 2.9574112990598206e-05, 0.17596488958824272, 0.05295842300866617, 0.07113971273530352, 1.9404951158604646e-09, 0.14363741493985882, 0.022688973444010448, 0.022369474416627965, 0.0553744988529397, 1.4411064137108564e-09, 0.18400399345074375, 0.06883896108909957, 7.690867110786235e-10, 0.04554785639058456, 0.04907918602792266, 8.905323668399317e-10, 0.07996701579140292, 1.9201409980211874e-09], [0.0058617746790886795, 0.017864314638706164, 5.578921364277357e-06, 0.1816558068343618, 0.05122495565646784, 0.07571933743745692, 1.1555821521064168e-09, 0.14390276702590052, 0.023551604187460967, 0.022730132982587435, 0.04927381252331681, 9.95444231820691e-10, 0.18425403202652918, 0.06726602480933933, 4.6391646745438597e-10, 0.04307861103165787, 0.04888857638158933, 5.824305540754485e-10, 0.08472266627991426, 1.3868853991960313e-09], [0.002542866233432905, 0.016602568657279673, 2.1244259170865225e-06, 0.18732456041204934, 0.04950491225531988, 0.08028802209500323, 3.3254271298848585e-09, 0.14414199420901253, 0.024438395594498716, 0.023101999147057583, 0.043169540469805784, 2.586672573077758e-09, 0.18449130002790326, 0.06567745679534634, 1.409970393634675e-09, 0.04059062799085502, 0.0486758686060133, 1.7525783246569496e-09, 0.0894477507816589, 3.2241979929119827e-09], [0.0003762553087191116, 0.01570889700345423, 1.2170534094233842e-06, 0.19259286573249976, 0.04796873943913076, 0.08473219365946755, 9.515098541898147e-09, 0.14402311692949976, 0.025705843498458187, 0.023640838571335778, 0.03714636295561895, 7.036812083779667e-09, 0.18437204526732623, 0.06388534703277278, 4.100790802685382e-09, 0.03791927932007355, 0.04806843694715077, 4.986117553516049e-09, 0.09385852751219752, 8.13006657193497e-09], [1.8441169601976325e-05, 0.015393223770843636, 7.573254440630627e-07, 0.19723206149003505, 0.04672083654150749, 0.08898143306384225, 1.7958712503722823e-09, 0.14334280744492367, 0.027570710536033997, 0.02444160904895507, 0.031252068433221473, 1.6807774913534543e-09, 0.1836915454505342, 0.06177427882993199, 7.595687339036892e-10, 0.03496143027922869, 0.046840991556726275, 9.969117994783871e-10, 0.09777779780619131, 2.0198496062418314e-09], [2.1572240068616188e-06, 0.015186680435406478, 4.705404356325254e-07, 0.20175249868962672, 0.04552737311474231, 0.09319387096799361, 1.3606802070923931e-09, 0.1425564627765949, 0.029548403786633957, 0.025291859622106956, 0.025382024376951286, 1.302094187484174e-09, 0.1829050978476845, 0.0596029556629444, 5.76318829570355e-10, 0.03194942718938096, 0.04549647598180874, 7.454022900359134e-10, 0.10160423632118039, 1.4780069918352187e-09], [7.144284746436308e-07, 0.014984870471000819, 3.6621914483800736e-07, 0.20626780186491664, 0.04433629511901212, 0.09740468547299849, 2.3191813739950445e-09, 0.14176547467574097, 0.03153100326262568, 0.02614426646088416, 0.019512957348155974, 2.2324327036625886e-09, 0.18211412409101208, 0.057428987566916494, 9.648270348072098e-10, 0.028935002980813612, 0.04414689247745719, 1.2276887430360644e-09, 0.10542654889653351, 1.920183046616917e-09], [2.0884332610693696e-05, 0.014789828718249064, 2.2556603599158247e-05, 0.2107795731833807, 0.043151859767749566, 0.1016098711759306, 1.722732594474012e-07, 0.14096294867554585, 0.0335199274603624, 0.026999797813764107, 0.013636155204077667, 1.5170608251348694e-07, 0.181325662623735, 0.05524788233657111, 7.276000618771642e-08, 0.025908387437550074, 0.042792411608057856, 9.009391899437468e-08, 0.10923163299004275, 1.33235506079409e-07], [6.856035873951393e-06, 0.014585635648595316, 1.722032354298413e-05, 0.21529627996089795, 0.0419601757029472, 0.1058226087604912, 1.2992172616779273e-07, 0.14017535393269218, 0.03549802674267096, 0.027845917124753494, 0.007773969777940073, 1.036828380526381e-07, 0.18053621772631376, 0.05307895211785805, 5.5685578157233016e-08, 0.02289655364510752, 0.041445102836557904, 6.736310516118855e-08, 0.11306068059609786, 9.241441207821622e-08], [3.727715423553762e-08, 0.014387939653821808, 2.715793595408244e-07, 0.21980159168105176, 0.04077410732059959, 0.11003642299380563, 2.257197138987404e-09, 0.13938314147330147, 0.037478198262458594, 0.028680844487398972, 0.0019333421278131843, 1.6831542483983126e-09, 0.17973957730094026, 0.05091675507488216, 9.792604296641732e-10, 0.01988292177522753, 0.04008927322487155, 1.1678526233717602e-09, 0.11689556820872118, 1.4711281037164595e-09], [3.070975806896639e-08, 0.015243830059643181, 1.6120569655310532e-07, 0.22275388730942472, 0.04108561049637046, 0.11420855999852521, 1.9219531205790506e-09, 0.13741275534139832, 0.03919960528087377, 0.02648913284485659, 4.185774374174879e-06, 1.5589698547290015e-09, 0.17886162203436556, 0.05022950433561058, 8.179301132254753e-10, 0.015694155010779497, 0.037639715250059866, 9.83177488456911e-10, 0.12117723786329475, 1.2029380644085185e-09], [5.0954245387565096e-08, 0.01661642827400039, 1.1825956163932556e-07, 0.22494255047596395, 0.042131363013678945, 0.11836185252994398, 2.709986568883871e-09, 0.13486616345891878, 0.04079313839805899, 0.022809591941537862, 4.772509401781475e-07, 2.350872888008789e-09, 0.17794139259491354, 0.05026895340403391, 1.1532019801949444e-09, 0.010931540930142172, 0.034652811928981, 1.3952368745802082e-09, 0.12568355713565776, 1.840122986359743e-09], [5.126613460688034e-06, 0.01799698875129977, 9.065476834147676e-06, 0.22712243821599587, 0.04318731734581621, 0.1225098957745309, 2.2584745326620176e-07, 0.13230969093186778, 0.042387538649655006, 0.019111792701036842, 1.6253031727079583e-05, 2.0020820089497504e-07, 0.17702190927702352, 0.050313169285369296, 9.681124932253697e-08, 0.006161506304589001, 0.03165953015418187, 1.16742543415794e-07, 0.13018697356933143, 1.643078337443592e-07], [4.420775201337828e-08, 0.01936081912553661, 9.66880647110507e-08, 0.22931703887820873, 0.0442161042410145, 0.1266406262751134, 2.1008257995658733e-09, 0.12977859397476899, 0.043990344320304464, 0.015439423368122953, 9.859082119209969e-08, 1.7462882648424022e-09, 0.1760980493640666, 0.05033807617621923, 9.343965944634045e-10, 0.0014394834817416694, 0.0286847390839688, 1.1061973884736718e-09, 0.13469645460553586, 1.7310521509747893e-09], [3.210394792445659e-08, 0.02048225301765206, 6.502376334224002e-08, 0.2314993065926765, 0.04437193342924649, 0.1281778051303581, 1.5481228823100438e-09, 0.12795915883338638, 0.04658503273106257, 0.011226141517569524, 7.219647389274937e-08, 1.35445359371232e-09, 0.17491528702921072, 0.04920512468630136, 6.859586059862257e-10, 4.046578128117282e-06, 0.026421211532473256, 8.04996306960821e-10, 0.13915252395203148, 1.2521869869683787e-09], [1.9057824085918656e-08, 0.02149515055483723, 3.629903260271186e-08, 0.23367906325990254, 0.044144265768487755, 0.128589418490228, 1.3880876782278e-09, 0.12645313284825285, 0.04961041198645638, 0.006784992079822428, 5.126630390411387e-08, 1.1975366581117578e-09, 0.173619656201535, 0.047567329916350126, 6.149624065968832e-10, 3.9324708156433756e-07, 0.024469201991868722, 7.210834624492777e-10, 0.14358687208769566, 1.0226508641930764e-09], [2.4065087304437894e-08, 0.022499823831756097, 3.7195956294948417e-08, 0.23581529009026347, 0.043908582380029704, 0.12898058239526763, 2.7992359151228087e-09, 0.12496233736735117, 0.052624662800686305, 0.0024027583172665477, 6.336555042721075e-08, 2.2211920216116776e-09, 0.17232864941026055, 0.045940889145246674, 1.2587192822572052e-09, 1.4316224400073648e-07, 0.022505885448537228, 1.468216136782533e-09, 0.14803026128134558, 1.995787595705681e-09], [3.2081472046206394e-08, 0.023224649453762295, 2.8070436436079702e-08, 0.2364268003967606, 0.043423207855829496, 0.12874979531249373, 3.594175068667279e-09, 0.12398001870927974, 0.055212642776026034, 0.00010570944545339672, 4.170451478421433e-08, 2.7473177548207694e-09, 0.17120910401211503, 0.04475444504034862, 1.6247356376467236e-09, 6.42448767887177e-08, 0.02012074314791009, 1.9151189257904596e-09, 0.15279270523508173, 2.632291630500293e-09], [1.0405658618881166e-08, 0.023655027962196856, 1.1623754241889609e-08, 0.23543405680365143, 0.04267515430910762, 0.1278647289680603, 1.1995718658315045e-09, 0.1235326756452828, 0.057352068913860396, 2.609511093432873e-06, 1.7064445110237228e-08, 9.601471940490348e-10, 0.17026999724667957, 0.04403101773434466, 5.36278603265767e-10, 2.739619462800725e-08, 0.01729174291337315, 6.300436836941016e-10, 0.15789084933576333, 8.404925844208351e-10], [5.543569185760195e-07, 0.02406707770858114, 4.911187527095871e-07, 0.23433799737617997, 0.04191048342021212, 0.12693609184190002, 6.30328396991577e-08, 0.12311937380950183, 0.05946308283459199, 3.934887287320832e-05, 6.635605965584166e-07, 4.955921731509649e-08, 0.16934205644121578, 0.043336805988661325, 2.8123938237631303e-08, 1.0374671912181782e-06, 0.014434257458035856, 3.333767490220595e-08, 0.16301045820674248, 4.548437486977502e-08], [4.573085760038659e-07, 0.024487546507090126, 2.515212716803387e-07, 0.23329188237916387, 0.041153655757082006, 0.1260298610317371, 3.870085860543431e-08, 0.12268993394848919, 0.06158726747122437, 9.904144331673222e-06, 3.30849800286125e-07, 3.0387292560837144e-08, 0.16840900475413703, 0.04262900997078969, 1.69073923741388e-08, 4.6124612458724413e-07, 0.01159044410124097, 2.054370685120119e-08, 0.1681198541692989, 2.830039217522142e-08], [1.9580903696851866e-06, 0.024905272775447185, 3.849171978687949e-07, 0.23222525503139507, 0.040393968247185545, 0.1251140638456338, 7.301085963417445e-08, 0.12226662411811752, 0.06370628521796161, 7.333387218599668e-06, 5.189894476164102e-07, 5.897032359059704e-08, 0.16747740231611563, 0.041926348863011234, 3.0185538185124134e-08, 5.988191348938845e-07, 0.008740629971602182, 3.926954068932328e-08, 0.1732331009294471, 5.304445232163287e-08], [2.000447538152819e-06, 0.02532220392598227, 2.1255561033801313e-07, 0.23115937541489448, 0.03963391953193466, 0.12419948348458631, 4.719701786835144e-08, 0.12184369062891451, 0.06582514576840764, 4.516320093321826e-06, 3.4452810434286314e-07, 3.774531969526298e-08, 0.1665465049815872, 0.041224106726212524, 1.904562603846677e-08, 2.892291122330458e-07, 0.005891481290248964, 2.5621190232914806e-08, 0.1783465607789045, 3.477871467263579e-08], [2.503866117785925e-06, 0.02574411437442768, 9.94172393577275e-08, 0.23009017566361642, 0.038875756672448324, 0.12327844557851718, 3.07320666236214e-08, 0.12142104031415452, 0.06793609605158789, 3.694169562040997e-06, 2.55475848630647e-07, 2.3931334815768112e-08, 0.16561101846736437, 0.04052108065336864, 1.1734769345709704e-08, 8.08794759726228e-08, 0.003051231973631416, 1.7013098807994975e-08, 0.18346429983038895, 2.3200981053589764e-08], [6.482564793361598e-08, 0.026235321476357064, 1.4474451703174932e-08, 0.22900032778636628, 0.03814576227683437, 0.1222811229040538, 4.069971697144806e-09, 0.12099769965279226, 0.06994058449033351, 5.956274926928544e-08, 1.233859885153547e-08, 3.068799927505337e-09, 0.16461303416961912, 0.039803441270932105, 1.8368365304362274e-09, 1.7821860995853646e-08, 0.0003434987988595066, 2.2405918601283268e-09, 0.18863902380105252, 3.133290770710847e-09], [2.439990394276049e-08, 0.02799456866424239, 8.633748775600006e-10, 0.22748993114113983, 0.037929280746102426, 0.11988091369520812, 3.2620898817030166e-10, 0.12055735764916596, 0.07002325260497072, 1.9981652408544112e-08, 1.9519447735438412e-09, 2.481660801337793e-10, 0.16246795597796598, 0.03881938545975354, 1.2599186558911145e-10, 6.6996652388693e-10, 6.676898009503606e-07, 1.803992938144051e-10, 0.194836637374004, 2.5003739156661003e-10], [1.1638989310454683e-06, 0.029941205030025796, 6.576174437871427e-08, 0.22591712637499398, 0.03778871539735431, 0.1172734031551518, 2.3633331000873788e-08, 0.1201143436713483, 0.06982248985058398, 9.456546378676062e-07, 1.1592151978941546e-07, 1.7998652634121908e-08, 0.16015334652087473, 0.03779591161162944, 9.315582915571212e-09, 6.192944416752534e-08, 6.0547580586598625e-06, 1.2857550878138618e-08, 0.20118496851951312, 1.8139071085804058e-08], [6.576977538100296e-07, 0.03188142135383998, 4.9642300877283715e-08, 0.2243473980176929, 0.03764555077153771, 0.11467314784333689, 1.7407574052102746e-08, 0.1196716087579288, 0.06963054611134376, 5.239556972013926e-07, 7.252019395599128e-08, 1.3250501103088319e-08, 0.15784460489807692, 0.036773798798223054, 7.017077746931931e-09, 5.771801160178443e-08, 1.6637896433074483e-06, 9.367651673283024e-09, 0.2075288376881179, 1.3393496816058718e-08], [4.039287539322631e-07, 0.03382362445056306, 3.842093329810812e-08, 0.22277683544490787, 0.037503183182755036, 0.11207065835147177, 1.3332155679546685e-08, 0.11922882054936865, 0.06943572742461361, 3.178112168748179e-07, 4.821175179795821e-08, 1.0154366810435804e-08, 0.1555340520740259, 0.03575126369794928, 5.482735250413741e-09, 5.401803586433435e-08, 7.108395214146917e-07, 7.111886489259385e-09, 0.21387421523855774, 1.0274429540775714e-08], [2.6258752941836726e-07, 0.03576621369362057, 3.0451057532705804e-08, 0.2212060705422698, 0.0373609700516509, 0.10946772859240934, 1.0602708412897715e-08, 0.11878601439919365, 0.06924038507261743, 2.059228525437621e-07, 3.382926668022634e-08, 8.089623114881908e-09, 0.1532231447349733, 0.034728646411553564, 4.43754312697629e-09, 5.0668266859945627e-08, 3.4652437882811966e-07, 5.618674980987582e-09, 0.2202198595909038, 8.178906202858475e-09], [1.8190378388619723e-07, 0.03770895451032926, 2.4625232680160348e-08, 0.21963521972182076, 0.03721881806700755, 0.10686462703349665, 8.733663199233226e-09, 0.11834319858970252, 0.06904484683965223, 1.4263108510675187e-07, 2.5016752550576377e-08, 6.681129294415978e-09, 0.15091209805254305, 0.03370599687241378, 3.708910346442699e-09, 4.7564411891963066e-08, 1.8794715240127877e-07, 4.608893553053852e-09, 0.2265656001497789, 6.742240392608128e-09], [1.3584577560495354e-07, 0.03965176729233816, 2.0556030224536694e-08, 0.21806432707580242, 0.037076695570281246, 0.10426144440413211, 7.517558518478e-09, 0.11790037722027888, 0.06884921912481388, 1.064042358378161e-07, 1.963178647841705e-08, 5.770404246202752e-09, 0.1486009853095311, 0.032683332077911124, 3.2303279057070116e-09, 4.543963860279809e-08, 1.150111849912789e-07, 3.9595207870932915e-09, 0.2329113827512188, 5.807228822887398e-09], [1.056968952347219e-07, 0.04159461112460504, 1.7157865152559538e-08, 0.2164934165535312, 0.03693458596150032, 0.10165822804108308, 6.5297695232677044e-09, 0.11745755310529307, 0.06865355304366218, 8.257736243162143e-08, 1.575941138814584e-08, 5.031697255764067e-09, 0.14628984426652916, 0.03166066101576972, 2.831793466103562e-09, 4.288052507150454e-08, 7.726037144